# Auto-generated by `celltwin calibrate`. Per-toxin effective-potency
# scale factors that align model cytotoxic IC50 with data/reference/
# cytotoxicity.yaml. Re-derivable; do not edit by hand.
potency_scale:
  acetaminophen: 7.242843
  antimycin_a: 746.168714
  arsenite: 2.238301
  carbon_tetrachloride: 2.429489
  cisplatin: 116.319824
  cyanide: 75.341502
  doxorubicin: 41.040596
  etoposide: 128.319934
  fccp: 6.943602
  hydrogen_peroxide: 20.756152
  menadione: 5.189038
  oligomycin: 6.931984
  paraquat: 12.972595
  rotenone: 733.360207
  staurosporine: 30.884779
  tbhp: 5.097573
  triton_x100: 4.192802
